{
 "cells": [
  {
   "cell_type": "code",
   "execution_count": 1,
   "id": "19372a04",
   "metadata": {},
   "outputs": [
    {
     "name": "stdout",
     "output_type": "stream",
     "text": [
      "🔍 Paths configurados:\n",
      "  - Project path: /Users/vicky/Desktop/rtd-calibration-ana\n",
      "  - Current dir: /Users/vicky/Desktop/rtd-calibration-ana/RTD_Calibration_VGP/notebooks\n",
      "  - Src dir: /Users/vicky/Desktop/rtd-calibration-ana/RTD_Calibration_VGP/src\n",
      "✅ Imports desde RTD_Calibration_VGP.src completados (módulos recargados)\n",
      "✅ Imports completados exitosamente\n",
      "📁 Directorio de trabajo: /Users/vicky/Desktop/rtd-calibration-ana/RTD_Calibration_VGP/notebooks\n",
      "✅ Imports desde RTD_Calibration_VGP.src completados (módulos recargados)\n",
      "✅ Imports completados exitosamente\n",
      "📁 Directorio de trabajo: /Users/vicky/Desktop/rtd-calibration-ana/RTD_Calibration_VGP/notebooks\n"
     ]
    }
   ],
   "source": [
    "# =============================================================================\n",
    "# EJEMPLO DE USO MEJORADO DE CALIBRATION_NETWORK\n",
    "# =============================================================================\n",
    "# Este notebook demuestra las nuevas funcionalidades implementadas en \n",
    "# calibration_network.py con mejor integración de configuración y consistencia\n",
    "# con las clases Set y Run.\n",
    "\n",
    "import sys\n",
    "import os\n",
    "import pandas as pd\n",
    "\n",
    "# Add the project directory to the Python path\n",
    "project_path = os.path.abspath(\"../../\")\n",
    "sys.path.append(project_path)\n",
    "# Add current directory to path\n",
    "current_dir = os.path.abspath(\".\")\n",
    "sys.path.append(current_dir)\n",
    "\n",
    "# Add src directory to path\n",
    "src_dir = os.path.abspath(\"../src\")\n",
    "sys.path.append(src_dir)\n",
    "\n",
    "print(\"🔍 Paths configurados:\")\n",
    "print(f\"  - Project path: {project_path}\")\n",
    "print(f\"  - Current dir: {current_dir}\")\n",
    "print(f\"  - Src dir: {src_dir}\")\n",
    "\n",
    "# Importar las clases mejoradas\n",
    "try:\n",
    "    # Force reload of modules to get latest changes\n",
    "    import importlib\n",
    "    if 'RTD_Calibration_VGP.src.calibration_network' in sys.modules:\n",
    "        importlib.reload(sys.modules['RTD_Calibration_VGP.src.calibration_network'])\n",
    "    \n",
    "    from RTD_Calibration_VGP.src.calibration_network import CalibrationNetwork\n",
    "    from RTD_Calibration_VGP.src.set import Set\n",
    "    from RTD_Calibration_VGP.src.logfile import Logfile\n",
    "    print(\"✅ Imports desde RTD_Calibration_VGP.src completados (módulos recargados)\")\n",
    "except ImportError as e:\n",
    "    print(f\"⚠️ Error importando desde RTD_Calibration_VGP.src: {e}\")\n",
    "    try:\n",
    "        from calibration_network import CalibrationNetwork\n",
    "        from set import Set\n",
    "        from logfile import Logfile\n",
    "        print(\"✅ Imports locales completados\")\n",
    "    except ImportError as e2:\n",
    "        print(f\"❌ Error importando clases: {e2}\")\n",
    "        raise e2\n",
    "\n",
    "print(\"✅ Imports completados exitosamente\")\n",
    "print(\"📁 Directorio de trabajo:\", os.getcwd())"
   ]
  },
  {
   "cell_type": "markdown",
   "id": "2a5abb0f",
   "metadata": {},
   "source": [
    "# \udccb Árbol de Calibración (TREE)\n",
    "\n",
    "Este notebook implementa el **análisis completo del árbol de calibración** jerárquico entre rondas (R1 → R2 → R3).\n",
    "\n",
    "## 🎯 Objetivo\n",
    "\n",
    "Calcular las **constantes de calibración** de todos los sensores respecto a la **referencia absoluta** (Ronda 3), propagando offsets a través de sensores \"raised\" que conectan las rondas.\n",
    "\n",
    "## ⚙️ Flujo de Procesamiento\n",
    "\n",
    "1. **Carga de datos**: Logfile + configuración (sensors.yaml)\n",
    "2. **Procesamiento por set**: \n",
    "   - Agrupación de runs por `CalibSetNumber`\n",
    "   - Cálculo de offsets y RMS\n",
    "   - Cálculo de constantes de calibración (weighted mean)\n",
    "3. **Construcción de red**: CalibrationNetwork con grafo de conexiones\n",
    "4. **Offsets encadenados**: Propagación R1 → R2 → R3\n",
    "5. **Constantes finales**: Respecto a referencia absoluta\n",
    "\n",
    "## ⚠️ CRITERIO CRÍTICO de Filtrado de Runs\n",
    "\n",
    "**IMPORTANTE**: El filtro de runs usa **EXCLUSIÓN**, no inclusión:\n",
    "\n",
    "### ✅ Criterio Correcto (implementado en `set.py`):\n",
    "```python\n",
    "# EXCLUIR solo:\n",
    "if selection != 'BAD' and 'pre' not in filename and 'st' not in filename and 'lar' not in filename:\n",
    "    # Incluir run\n",
    "```\n",
    "\n",
    "**Incluye**:\n",
    "- Runs con `Selection = NaN` (sin etiqueta) ✅\n",
    "- Runs con `Selection = ''` (vacío) ✅  \n",
    "- Runs con `Selection = 'GOOD'` ✅\n",
    "- Cualquier valor que NO sea 'BAD' ✅\n",
    "\n",
    "**Excluye**:\n",
    "- `Selection = 'BAD'` ❌\n",
    "- Filenames con `pre`, `st`, `lar` ❌\n",
    "\n",
    "### ❌ Error Común (NO usar):\n",
    "```python\n",
    "# MAL: Solo incluir GOOD pierde ~34 sets válidos\n",
    "if selection == 'GOOD':  # ❌ INCORRECTO\n",
    "```\n",
    "\n",
    "**Impacto**: Con criterio erróneo se pierden ~34 de 59 sets (57% de datos perdidos)\n",
    "\n",
    "---\n",
    "\n",
    "## 📊 Estructura de Datos\n",
    "\n",
    "- **`sets_dict`**: `{set_id: Set}` - Objetos Set procesados\n",
    "- **`constants`**: `{set_id: DataFrame}` - Constantes por set\n",
    "- **`net`**: CalibrationNetwork - Grafo de conexiones\n",
    "- **`sets_ronda_1/2/3`**: Clasificación por ronda"
   ]
  },
  {
   "cell_type": "code",
   "execution_count": 2,
   "id": "ffeab19d",
   "metadata": {},
   "outputs": [
    {
     "name": "stdout",
     "output_type": "stream",
     "text": [
      "🚀 INICIO DE LA CELDA - Si ves esto, la celda empezó a ejecutarse\n",
      "================================================================================\n",
      "🔄 Módulo 'set.py' recargado\n",
      "🔄 Módulo 'calibration_network.py' recargado\n",
      "\n",
      "📁 Directorio de trabajo: /Users/vicky/Desktop/rtd-calibration-ana/RTD_Calibration_VGP/notebooks\n",
      "\n",
      "================================================================================\n",
      "📂 CARGANDO LOGFILE\n",
      "================================================================================\n",
      "🔍 Probando ruta: ../data/LogFile.csv\n",
      "CSV file loaded successfully from '../data/LogFile.csv'.\n",
      "✅ Logfile cargado desde ../data/LogFile.csv\n",
      "   Registros totales: 832\n",
      "\n",
      "================================================================================\n",
      "⚙️ CARGANDO CONFIGURACIÓN\n",
      "================================================================================\n",
      "✅ Configuración encontrada: ../config/config.yml\n",
      "   Sets configurados: 58\n",
      "\n",
      "================================================================================\n",
      "🔄 PROCESAMIENTO COMPLETO DE TODOS LOS SETS\n",
      "================================================================================\n",
      "\n",
      "📊 Sets numéricos disponibles en logfile: 60\n",
      "\n",
      "⚡ MODO PRUEBA: Procesando solo 4 sets: [3, 4, 49, 57]\n",
      "   (Criterio: EXCLUSIÓN de Selection=BAD y pre/st/lar, no solo GOOD)\n",
      "\n",
      "🔍 Validación de disponibilidad:\n",
      "   Sets configurados en sensors.yaml: 58\n",
      "   Sets disponibles en logfile: 4\n",
      "\n",
      "⚠️ WARNING: 54 sets configurados NO encontrados en logfile:\n",
      "   Sets faltantes: [5.0, 6.0, 7.0, 8.0, 9.0, 10.0, 11.0, 13.0, 14.0, 15.0, 16.0, 17.0, 18.0, 19.0, 20.0, 21.0, 22.0, 23.0, 24.0, 25.0, 26.0, 27.0, 28.0, 29.0, 30.0, 31.0, 32.0, 33.0, 34.0, 35.0, 36.0, 37.0, 38.0, 39.0, 40.0, 41.0, 42.0, 43.0, 44.0, 45.0, 46.0, 47.0, 48.0, 50.0, 51.0, 52.0, 53.0, 54.0, 55.0, 58.0, 59.0, 60.0, 62.0, 63.0]\n",
      "\n",
      "🔄 Procesando 4 sets...\n",
      "   (Mostrará progreso para cada set)\n",
      "\n",
      "\n",
      "   🔍 [1/4] Iniciando procesamiento de Set 3...\n",
      "      → Encontradas 18 filas en logfile\n",
      "      → Creando objeto Set...\n",
      "      → Agrupando runs por set...\n",
      "\n",
      "Processing CalibSetNumber: 3\n",
      "    Excluded: 20220526_ln2_r48176_r48177_48060_48479_1_pre (contains 'pre' or 'st')\n",
      "    Excluded: 20220531_ln2_r48176_r48177_48060_48479_1_pre (contains 'pre' or 'st')\n",
      "    Excluded: 20220531_ln2_r48176_r48177_48060_48479_1 (marked as 'BAD' in Selection)\n",
      "    Excluded: 20220531_ln2_r48176_r48177_48060_48479_2_pre (contains 'pre' or 'st')\n",
      "    Excluded: 20220531_ln2_r48176_r48177_48060_48479_2 (marked as 'BAD' in Selection)\n",
      "    Excluded: 20220531_ln2_r48176_r48177_48060_48479_3 (marked as 'BAD' in Selection)\n",
      "    Excluded: 20220531_ln2_r48176_r48177_48060_48479_4_pre (contains 'pre' or 'st')\n",
      "    Excluded: 20220531_ln2_r48176_r48177_48060_48479_4 (marked as 'BAD' in Selection)\n",
      "    Excluded: 20220531_ln2_r48176_r48177_48060_48479_5 (marked as 'BAD' in Selection)\n",
      "    Excluded: 20220531_ln2_r48176_r48177_48060_48479_6 (marked as 'BAD' in Selection)\n",
      "    Excluded: 20220531_ln2_r48176_r48177_48060_48479_7_pre (contains 'pre' or 'st')\n",
      "Temperature file found: /Users/vicky/Desktop/rtd-calibration-ana/RTD_Calibration_VGP/data/temperature_files/RTD_Calibs/CalSetN_3/20220531_ln2_r48176_r48177_48060_48479_7.txt\n",
      "Temperature file processed successfully: /Users/vicky/Desktop/rtd-calibration-ana/RTD_Calibration_VGP/data/temperature_files/RTD_Calibs/CalSetN_3/20220531_ln2_r48176_r48177_48060_48479_7.txt\n",
      "Associated sensors: {'channel_1': '48060', 'channel_2': '48061', 'channel_3': '48062', 'channel_4': '48063', 'channel_5': '48202', 'channel_6': '48203', 'channel_7': '48204', 'channel_8': '48205', 'channel_9': '48476', 'channel_10': '48477', 'channel_11': '48478', 'channel_12': '48479', 'channel_13': '48176', 'channel_14': '48177'}\n",
      "No faulty channels detected.\n",
      "    Included: 20220531_ln2_r48176_r48177_48060_48479_7\n",
      "    Excluded: 20220531_ln2_r48176_r48177_48060_48479_8_pre (contains 'pre' or 'st')\n",
      "Temperature file found: /Users/vicky/Desktop/rtd-calibration-ana/RTD_Calibration_VGP/data/temperature_files/RTD_Calibs/CalSetN_3/20220531_ln2_r48176_r48177_48060_48479_8.txt\n",
      "Temperature file processed successfully: /Users/vicky/Desktop/rtd-calibration-ana/RTD_Calibration_VGP/data/temperature_files/RTD_Calibs/CalSetN_3/20220531_ln2_r48176_r48177_48060_48479_8.txt\n",
      "Associated sensors: {'channel_1': '48060', 'channel_2': '48061', 'channel_3': '48062', 'channel_4': '48063', 'channel_5': '48202', 'channel_6': '48203', 'channel_7': '48204', 'channel_8': '48205', 'channel_9': '48476', 'channel_10': '48477', 'channel_11': '48478', 'channel_12': '48479', 'channel_13': '48176', 'channel_14': '48177'}\n",
      "No faulty channels detected.\n",
      "    Included: 20220531_ln2_r48176_r48177_48060_48479_8\n",
      "    Excluded: 20220531_ln2_r48176_r48177_48060_48479_9_pre (contains 'pre' or 'st')\n",
      "Temperature file found: /Users/vicky/Desktop/rtd-calibration-ana/RTD_Calibration_VGP/data/temperature_files/RTD_Calibs/CalSetN_3/20220531_ln2_r48176_r48177_48060_48479_9.txt\n",
      "Temperature file processed successfully: /Users/vicky/Desktop/rtd-calibration-ana/RTD_Calibration_VGP/data/temperature_files/RTD_Calibs/CalSetN_3/20220531_ln2_r48176_r48177_48060_48479_9.txt\n",
      "Associated sensors: {'channel_1': '48060', 'channel_2': '48061', 'channel_3': '48062', 'channel_4': '48063', 'channel_5': '48202', 'channel_6': '48203', 'channel_7': '48204', 'channel_8': '48205', 'channel_9': '48476', 'channel_10': '48477', 'channel_11': '48478', 'channel_12': '48479', 'channel_13': '48176', 'channel_14': '48177'}\n",
      "No faulty channels detected.\n",
      "    Included: 20220531_ln2_r48176_r48177_48060_48479_9\n",
      "    Excluded: 20220531_ln2_r48176_r48177_48060_48479_10_pre (contains 'pre' or 'st')\n",
      "Temperature file found: /Users/vicky/Desktop/rtd-calibration-ana/RTD_Calibration_VGP/data/temperature_files/RTD_Calibs/CalSetN_3/20220531_ln2_r48176_r48177_48060_48479_10.txt\n",
      "Temperature file processed successfully: /Users/vicky/Desktop/rtd-calibration-ana/RTD_Calibration_VGP/data/temperature_files/RTD_Calibs/CalSetN_3/20220531_ln2_r48176_r48177_48060_48479_10.txt\n",
      "Associated sensors: {'channel_1': '48060', 'channel_2': '48061', 'channel_3': '48062', 'channel_4': '48063', 'channel_5': '48202', 'channel_6': '48203', 'channel_7': '48204', 'channel_8': '48205', 'channel_9': '48476', 'channel_10': '48477', 'channel_11': '48478', 'channel_12': '48479', 'channel_13': '48176', 'channel_14': '48177'}\n",
      "No faulty channels detected.\n",
      "    Included: 20220531_ln2_r48176_r48177_48060_48479_10\n",
      "      → Runs agrupados: 4 en 1 set(s)\n",
      "      → Calculando offsets y RMS...\n",
      "\n",
      "Processing CalibSetNumber: 3\n",
      "Reference run has 14 sensors: 20220531_ln2_r48176_r48177_48060_48479_7\n",
      "Reference sensor mapping:\n",
      "Sensor_mapping : {'channel_1': '48060', 'channel_2': '48061', 'channel_3': '48062', 'channel_4': '48063', 'channel_5': '48202', 'channel_6': '48203', 'channel_7': '48204', 'channel_8': '48205', 'channel_9': '48476', 'channel_10': '48477', 'channel_11': '48478', 'channel_12': '48479', 'channel_13': '48176', 'channel_14': '48177'}\n",
      "Reference based on run: 20220531_ln2_r48176_r48177_48060_48479_7 with sensors: ['48060', '48061', '48062', '48063', '48202', '48203', '48204', '48205', '48476', '48477', '48478', '48479', '48176', '48177']\n",
      "  Processing Run: 20220531_ln2_r48176_r48177_48060_48479_7\n",
      "Current sensors: ['48060', '48061', '48062', '48063', '48202', '48203', '48204', '48205', '48476', '48477', '48478', '48479', '48176', '48177']\n",
      "Mean offsets computed.\n",
      "RMS errors computed.\n",
      "  → ORIGINAL offsets matrix:\n",
      "          48060     48061     48062     48063     48202     48203     48204  \\\n",
      "48060  0.000000  0.033009  0.023258  0.034180  0.099238  0.072754  0.040070   \n",
      "48061 -0.033009  0.000000 -0.009751  0.001172  0.066229  0.039746  0.007062   \n",
      "48062 -0.023258  0.009751  0.000000  0.010923  0.075980  0.049497  0.016813   \n",
      "48063 -0.034180 -0.001172 -0.010923  0.000000  0.065058  0.038574  0.005890   \n",
      "48202 -0.099238 -0.066229 -0.075980 -0.065058  0.000000 -0.026484 -0.059168   \n",
      "48203 -0.072754 -0.039746 -0.049497 -0.038574  0.026484  0.000000 -0.032684   \n",
      "48204 -0.040070 -0.007062 -0.016813 -0.005890  0.059168  0.032684  0.000000   \n",
      "48205  0.260833  0.293841  0.284090  0.295013  0.360071  0.333587  0.300903   \n",
      "48476 -0.082102 -0.049093 -0.058844 -0.047921  0.017136 -0.009347 -0.042032   \n",
      "48477 -0.082248 -0.049239 -0.058990 -0.048067  0.016990 -0.009493 -0.042177   \n",
      "48478 -0.052354 -0.019345 -0.029096 -0.018174  0.046884  0.020400 -0.012284   \n",
      "48479 -0.065733 -0.032724 -0.042475 -0.031552  0.033505  0.007021 -0.025663   \n",
      "48176 -0.045869 -0.012860 -0.022611 -0.011688  0.053369  0.026886 -0.005798   \n",
      "48177 -0.031660  0.001349 -0.008402  0.002521  0.067578  0.041095  0.008410   \n",
      "\n",
      "          48205     48476     48477     48478     48479     48176     48177  \n",
      "48060 -0.260833  0.082102  0.082248  0.052354  0.065733  0.045869  0.031660  \n",
      "48061 -0.293841  0.049093  0.049239  0.019345  0.032724  0.012860 -0.001349  \n",
      "48062 -0.284090  0.058844  0.058990  0.029096  0.042475  0.022611  0.008402  \n",
      "48063 -0.295013  0.047921  0.048067  0.018174  0.031552  0.011688 -0.002521  \n",
      "48202 -0.360071 -0.017136 -0.016990 -0.046884 -0.033505 -0.053369 -0.067578  \n",
      "48203 -0.333587  0.009347  0.009493 -0.020400 -0.007021 -0.026886 -0.041095  \n",
      "48204 -0.300903  0.042032  0.042177  0.012284  0.025663  0.005798 -0.008410  \n",
      "48205  0.000000  0.342934  0.343080  0.313187  0.326566  0.306701  0.292492  \n",
      "48476 -0.342934  0.000000  0.000146 -0.029748 -0.016369 -0.036233 -0.050442  \n",
      "48477 -0.343080 -0.000146  0.000000 -0.029894 -0.016515 -0.036379 -0.050588  \n",
      "48478 -0.313187  0.029748  0.029894  0.000000  0.013379 -0.006485 -0.020694  \n",
      "48479 -0.326566  0.016369  0.016515 -0.013379  0.000000 -0.019864 -0.034073  \n",
      "48176 -0.306701  0.036233  0.036379  0.006485  0.019864  0.000000 -0.014209  \n",
      "48177 -0.292492  0.050442  0.050588  0.020694  0.034073  0.014209  0.000000  \n",
      "  → REORDERED offsets matrix:\n",
      "          48060     48061     48062     48063     48202     48203     48204  \\\n",
      "48060  0.000000  0.033009  0.023258  0.034180  0.099238  0.072754  0.040070   \n",
      "48061 -0.033009  0.000000 -0.009751  0.001172  0.066229  0.039746  0.007062   \n",
      "48062 -0.023258  0.009751  0.000000  0.010923  0.075980  0.049497  0.016813   \n",
      "48063 -0.034180 -0.001172 -0.010923  0.000000  0.065058  0.038574  0.005890   \n",
      "48202 -0.099238 -0.066229 -0.075980 -0.065058  0.000000 -0.026484 -0.059168   \n",
      "48203 -0.072754 -0.039746 -0.049497 -0.038574  0.026484  0.000000 -0.032684   \n",
      "48204 -0.040070 -0.007062 -0.016813 -0.005890  0.059168  0.032684  0.000000   \n",
      "48205  0.260833  0.293841  0.284090  0.295013  0.360071  0.333587  0.300903   \n",
      "48476 -0.082102 -0.049093 -0.058844 -0.047921  0.017136 -0.009347 -0.042032   \n",
      "48477 -0.082248 -0.049239 -0.058990 -0.048067  0.016990 -0.009493 -0.042177   \n",
      "48478 -0.052354 -0.019345 -0.029096 -0.018174  0.046884  0.020400 -0.012284   \n",
      "48479 -0.065733 -0.032724 -0.042475 -0.031552  0.033505  0.007021 -0.025663   \n",
      "48176 -0.045869 -0.012860 -0.022611 -0.011688  0.053369  0.026886 -0.005798   \n",
      "48177 -0.031660  0.001349 -0.008402  0.002521  0.067578  0.041095  0.008410   \n",
      "\n",
      "          48205     48476     48477     48478     48479     48176     48177  \n",
      "48060 -0.260833  0.082102  0.082248  0.052354  0.065733  0.045869  0.031660  \n",
      "48061 -0.293841  0.049093  0.049239  0.019345  0.032724  0.012860 -0.001349  \n",
      "48062 -0.284090  0.058844  0.058990  0.029096  0.042475  0.022611  0.008402  \n",
      "48063 -0.295013  0.047921  0.048067  0.018174  0.031552  0.011688 -0.002521  \n",
      "48202 -0.360071 -0.017136 -0.016990 -0.046884 -0.033505 -0.053369 -0.067578  \n",
      "48203 -0.333587  0.009347  0.009493 -0.020400 -0.007021 -0.026886 -0.041095  \n",
      "48204 -0.300903  0.042032  0.042177  0.012284  0.025663  0.005798 -0.008410  \n",
      "48205  0.000000  0.342934  0.343080  0.313187  0.326566  0.306701  0.292492  \n",
      "48476 -0.342934  0.000000  0.000146 -0.029748 -0.016369 -0.036233 -0.050442  \n",
      "48477 -0.343080 -0.000146  0.000000 -0.029894 -0.016515 -0.036379 -0.050588  \n",
      "48478 -0.313187  0.029748  0.029894  0.000000  0.013379 -0.006485 -0.020694  \n",
      "48479 -0.326566  0.016369  0.016515 -0.013379  0.000000 -0.019864 -0.034073  \n",
      "48176 -0.306701  0.036233  0.036379  0.006485  0.019864  0.000000 -0.014209  \n",
      "48177 -0.292492  0.050442  0.050588  0.020694  0.034073  0.014209  0.000000  \n",
      "  Dimensiones de la matriz de offsets: (14, 14)\n",
      "  Dimensiones de la matriz de RMS: (14, 14)\n",
      "  Processing Run: 20220531_ln2_r48176_r48177_48060_48479_8\n",
      "Current sensors: ['48060', '48061', '48062', '48063', '48202', '48203', '48204', '48205', '48476', '48477', '48478', '48479', '48176', '48177']\n",
      "Mean offsets computed.\n",
      "RMS errors computed.\n",
      "  → ORIGINAL offsets matrix:\n",
      "          48060     48061     48062     48063     48202     48203     48204  \\\n",
      "48060  0.000000  0.032723  0.022563  0.033807  0.099289  0.073248  0.040716   \n",
      "48061 -0.032723  0.000000 -0.010160  0.001084  0.066566  0.040526  0.007993   \n",
      "48062 -0.022563  0.010160  0.000000  0.011244  0.076726  0.050686  0.018153   \n",
      "48063 -0.033807 -0.001084 -0.011244  0.000000  0.065482  0.039442  0.006909   \n",
      "48202 -0.099289 -0.066566 -0.076726 -0.065482  0.000000 -0.026040 -0.058573   \n",
      "48203 -0.073248 -0.040526 -0.050686 -0.039442  0.026040  0.000000 -0.032533   \n",
      "48204 -0.040716 -0.007993 -0.018153 -0.006909  0.058573  0.032533  0.000000   \n",
      "48205  0.259857  0.292579  0.282419  0.293663  0.359145  0.333105  0.300572   \n",
      "48476 -0.083513 -0.050791 -0.060951 -0.049707  0.015775 -0.010265 -0.042798   \n",
      "48477 -0.082443 -0.049720 -0.059880 -0.048636  0.016846 -0.009194 -0.041727   \n",
      "48478 -0.048381 -0.015658 -0.025818 -0.014574  0.050908  0.024868 -0.007665   \n",
      "48479 -0.066384 -0.033661 -0.043821 -0.032577  0.032905  0.006864 -0.025668   \n",
      "48176 -0.046658 -0.013935 -0.024095 -0.012851  0.052631  0.026591 -0.005942   \n",
      "48177 -0.032863 -0.000141 -0.010300  0.000943  0.066426  0.040385  0.007853   \n",
      "\n",
      "          48205     48476     48477     48478     48479     48176     48177  \n",
      "48060 -0.259857  0.083513  0.082443  0.048381  0.066384  0.046658  0.032863  \n",
      "48061 -0.292579  0.050791  0.049720  0.015658  0.033661  0.013935  0.000141  \n",
      "48062 -0.282419  0.060951  0.059880  0.025818  0.043821  0.024095  0.010300  \n",
      "48063 -0.293663  0.049707  0.048636  0.014574  0.032577  0.012851 -0.000943  \n",
      "48202 -0.359145 -0.015775 -0.016846 -0.050908 -0.032905 -0.052631 -0.066426  \n",
      "48203 -0.333105  0.010265  0.009194 -0.024868 -0.006864 -0.026591 -0.040385  \n",
      "48204 -0.300572  0.042798  0.041727  0.007665  0.025668  0.005942 -0.007853  \n",
      "48205  0.000000  0.343370  0.342299  0.308237  0.326240  0.306514  0.292720  \n",
      "48476 -0.343370  0.000000 -0.001071 -0.035133 -0.017129 -0.036856 -0.050650  \n",
      "48477 -0.342299  0.001071  0.000000 -0.034062 -0.016059 -0.035785 -0.049579  \n",
      "48478 -0.308237  0.035133  0.034062  0.000000  0.018003 -0.001723 -0.015518  \n",
      "48479 -0.326240  0.017129  0.016059 -0.018003  0.000000 -0.019726 -0.033521  \n",
      "48176 -0.306514  0.036856  0.035785  0.001723  0.019726  0.000000 -0.013795  \n",
      "48177 -0.292720  0.050650  0.049579  0.015518  0.033521  0.013795  0.000000  \n",
      "  → REORDERED offsets matrix:\n",
      "          48060     48061     48062     48063     48202     48203     48204  \\\n",
      "48060  0.000000  0.032723  0.022563  0.033807  0.099289  0.073248  0.040716   \n",
      "48061 -0.032723  0.000000 -0.010160  0.001084  0.066566  0.040526  0.007993   \n",
      "48062 -0.022563  0.010160  0.000000  0.011244  0.076726  0.050686  0.018153   \n",
      "48063 -0.033807 -0.001084 -0.011244  0.000000  0.065482  0.039442  0.006909   \n",
      "48202 -0.099289 -0.066566 -0.076726 -0.065482  0.000000 -0.026040 -0.058573   \n",
      "48203 -0.073248 -0.040526 -0.050686 -0.039442  0.026040  0.000000 -0.032533   \n",
      "48204 -0.040716 -0.007993 -0.018153 -0.006909  0.058573  0.032533  0.000000   \n",
      "48205  0.259857  0.292579  0.282419  0.293663  0.359145  0.333105  0.300572   \n",
      "48476 -0.083513 -0.050791 -0.060951 -0.049707  0.015775 -0.010265 -0.042798   \n",
      "48477 -0.082443 -0.049720 -0.059880 -0.048636  0.016846 -0.009194 -0.041727   \n",
      "48478 -0.048381 -0.015658 -0.025818 -0.014574  0.050908  0.024868 -0.007665   \n",
      "48479 -0.066384 -0.033661 -0.043821 -0.032577  0.032905  0.006864 -0.025668   \n",
      "48176 -0.046658 -0.013935 -0.024095 -0.012851  0.052631  0.026591 -0.005942   \n",
      "48177 -0.032863 -0.000141 -0.010300  0.000943  0.066426  0.040385  0.007853   \n",
      "\n",
      "          48205     48476     48477     48478     48479     48176     48177  \n",
      "48060 -0.259857  0.083513  0.082443  0.048381  0.066384  0.046658  0.032863  \n",
      "48061 -0.292579  0.050791  0.049720  0.015658  0.033661  0.013935  0.000141  \n",
      "48062 -0.282419  0.060951  0.059880  0.025818  0.043821  0.024095  0.010300  \n",
      "48063 -0.293663  0.049707  0.048636  0.014574  0.032577  0.012851 -0.000943  \n",
      "48202 -0.359145 -0.015775 -0.016846 -0.050908 -0.032905 -0.052631 -0.066426  \n",
      "48203 -0.333105  0.010265  0.009194 -0.024868 -0.006864 -0.026591 -0.040385  \n",
      "48204 -0.300572  0.042798  0.041727  0.007665  0.025668  0.005942 -0.007853  \n",
      "48205  0.000000  0.343370  0.342299  0.308237  0.326240  0.306514  0.292720  \n",
      "48476 -0.343370  0.000000 -0.001071 -0.035133 -0.017129 -0.036856 -0.050650  \n",
      "48477 -0.342299  0.001071  0.000000 -0.034062 -0.016059 -0.035785 -0.049579  \n",
      "48478 -0.308237  0.035133  0.034062  0.000000  0.018003 -0.001723 -0.015518  \n",
      "48479 -0.326240  0.017129  0.016059 -0.018003  0.000000 -0.019726 -0.033521  \n",
      "48176 -0.306514  0.036856  0.035785  0.001723  0.019726  0.000000 -0.013795  \n",
      "48177 -0.292720  0.050650  0.049579  0.015518  0.033521  0.013795  0.000000  \n",
      "  Dimensiones de la matriz de offsets: (14, 14)\n",
      "  Dimensiones de la matriz de RMS: (14, 14)\n",
      "  Processing Run: 20220531_ln2_r48176_r48177_48060_48479_9\n",
      "Current sensors: ['48060', '48061', '48062', '48063', '48202', '48203', '48204', '48205', '48476', '48477', '48478', '48479', '48176', '48177']\n",
      "Mean offsets computed.\n",
      "RMS errors computed.\n",
      "  → ORIGINAL offsets matrix:\n",
      "          48060     48061     48062     48063     48202     48203     48204  \\\n",
      "48060  0.000000  0.034074  0.023922  0.034374  0.102079  0.073882  0.042404   \n",
      "48061 -0.034074  0.000000 -0.010152  0.000300  0.068006  0.039808  0.008331   \n",
      "48062 -0.023922  0.010152  0.000000  0.010452  0.078157  0.049960  0.018482   \n",
      "48063 -0.034374 -0.000300 -0.010452  0.000000  0.067706  0.039508  0.008031   \n",
      "48202 -0.102079 -0.068006 -0.078157 -0.067706  0.000000 -0.028197 -0.059675   \n",
      "48203 -0.073882 -0.039808 -0.049960 -0.039508  0.028197  0.000000 -0.031478   \n",
      "48204 -0.042404 -0.008331 -0.018482 -0.008031  0.059675  0.031478  0.000000   \n",
      "48205  0.256067  0.290141  0.279989  0.290441  0.358147  0.329950  0.298472   \n",
      "48476 -0.084607 -0.050534 -0.060685 -0.050233  0.017472 -0.010725 -0.042203   \n",
      "48477 -0.084415 -0.050342 -0.060493 -0.050041  0.017664 -0.010533 -0.042011   \n",
      "48478 -0.051200 -0.017126 -0.027278 -0.016826  0.050879  0.022682 -0.008796   \n",
      "48479 -0.066842 -0.032768 -0.042920 -0.032468  0.035237  0.007040 -0.024438   \n",
      "48176 -0.047503 -0.013429 -0.023581 -0.013129  0.054576  0.026379 -0.005099   \n",
      "48177 -0.033356  0.000718 -0.009434  0.001018  0.068723  0.040526  0.009049   \n",
      "\n",
      "          48205     48476     48477     48478     48479     48176     48177  \n",
      "48060 -0.256067  0.084607  0.084415  0.051200  0.066842  0.047503  0.033356  \n",
      "48061 -0.290141  0.050534  0.050342  0.017126  0.032768  0.013429 -0.000718  \n",
      "48062 -0.279989  0.060685  0.060493  0.027278  0.042920  0.023581  0.009434  \n",
      "48063 -0.290441  0.050233  0.050041  0.016826  0.032468  0.013129 -0.001018  \n",
      "48202 -0.358147 -0.017472 -0.017664 -0.050879 -0.035237 -0.054576 -0.068723  \n",
      "48203 -0.329950  0.010725  0.010533 -0.022682 -0.007040 -0.026379 -0.040526  \n",
      "48204 -0.298472  0.042203  0.042011  0.008796  0.024438  0.005099 -0.009049  \n",
      "48205  0.000000  0.340675  0.340483  0.307267  0.322910  0.303570  0.289423  \n",
      "48476 -0.340675  0.000000 -0.000192 -0.033407 -0.017765 -0.037104 -0.051251  \n",
      "48477 -0.340483  0.000192  0.000000 -0.033215 -0.017573 -0.036912 -0.051059  \n",
      "48478 -0.307267  0.033407  0.033215  0.000000  0.015642 -0.003697 -0.017844  \n",
      "48479 -0.322910  0.017765  0.017573 -0.015642  0.000000 -0.019339 -0.033486  \n",
      "48176 -0.303570  0.037104  0.036912  0.003697  0.019339  0.000000 -0.014147  \n",
      "48177 -0.289423  0.051251  0.051059  0.017844  0.033486  0.014147  0.000000  \n",
      "  → REORDERED offsets matrix:\n",
      "          48060     48061     48062     48063     48202     48203     48204  \\\n",
      "48060  0.000000  0.034074  0.023922  0.034374  0.102079  0.073882  0.042404   \n",
      "48061 -0.034074  0.000000 -0.010152  0.000300  0.068006  0.039808  0.008331   \n",
      "48062 -0.023922  0.010152  0.000000  0.010452  0.078157  0.049960  0.018482   \n",
      "48063 -0.034374 -0.000300 -0.010452  0.000000  0.067706  0.039508  0.008031   \n",
      "48202 -0.102079 -0.068006 -0.078157 -0.067706  0.000000 -0.028197 -0.059675   \n",
      "48203 -0.073882 -0.039808 -0.049960 -0.039508  0.028197  0.000000 -0.031478   \n",
      "48204 -0.042404 -0.008331 -0.018482 -0.008031  0.059675  0.031478  0.000000   \n",
      "48205  0.256067  0.290141  0.279989  0.290441  0.358147  0.329950  0.298472   \n",
      "48476 -0.084607 -0.050534 -0.060685 -0.050233  0.017472 -0.010725 -0.042203   \n",
      "48477 -0.084415 -0.050342 -0.060493 -0.050041  0.017664 -0.010533 -0.042011   \n",
      "48478 -0.051200 -0.017126 -0.027278 -0.016826  0.050879  0.022682 -0.008796   \n",
      "48479 -0.066842 -0.032768 -0.042920 -0.032468  0.035237  0.007040 -0.024438   \n",
      "48176 -0.047503 -0.013429 -0.023581 -0.013129  0.054576  0.026379 -0.005099   \n",
      "48177 -0.033356  0.000718 -0.009434  0.001018  0.068723  0.040526  0.009049   \n",
      "\n",
      "          48205     48476     48477     48478     48479     48176     48177  \n",
      "48060 -0.256067  0.084607  0.084415  0.051200  0.066842  0.047503  0.033356  \n",
      "48061 -0.290141  0.050534  0.050342  0.017126  0.032768  0.013429 -0.000718  \n",
      "48062 -0.279989  0.060685  0.060493  0.027278  0.042920  0.023581  0.009434  \n",
      "48063 -0.290441  0.050233  0.050041  0.016826  0.032468  0.013129 -0.001018  \n",
      "48202 -0.358147 -0.017472 -0.017664 -0.050879 -0.035237 -0.054576 -0.068723  \n",
      "48203 -0.329950  0.010725  0.010533 -0.022682 -0.007040 -0.026379 -0.040526  \n",
      "48204 -0.298472  0.042203  0.042011  0.008796  0.024438  0.005099 -0.009049  \n",
      "48205  0.000000  0.340675  0.340483  0.307267  0.322910  0.303570  0.289423  \n",
      "48476 -0.340675  0.000000 -0.000192 -0.033407 -0.017765 -0.037104 -0.051251  \n",
      "48477 -0.340483  0.000192  0.000000 -0.033215 -0.017573 -0.036912 -0.051059  \n",
      "48478 -0.307267  0.033407  0.033215  0.000000  0.015642 -0.003697 -0.017844  \n",
      "48479 -0.322910  0.017765  0.017573 -0.015642  0.000000 -0.019339 -0.033486  \n",
      "48176 -0.303570  0.037104  0.036912  0.003697  0.019339  0.000000 -0.014147  \n",
      "48177 -0.289423  0.051251  0.051059  0.017844  0.033486  0.014147  0.000000  \n",
      "  Dimensiones de la matriz de offsets: (14, 14)\n",
      "  Dimensiones de la matriz de RMS: (14, 14)\n",
      "  Processing Run: 20220531_ln2_r48176_r48177_48060_48479_10\n",
      "Current sensors: ['48060', '48061', '48062', '48063', '48202', '48203', '48204', '48205', '48476', '48477', '48478', '48479', '48176', '48177']\n",
      "Mean offsets computed.\n",
      "RMS errors computed.\n",
      "  → ORIGINAL offsets matrix:\n",
      "          48060     48061     48062     48063     48202     48203     48204  \\\n",
      "48060  0.000000  0.034167  0.023326  0.033677  0.101525  0.074136  0.042516   \n",
      "48061 -0.034167  0.000000 -0.010841 -0.000489  0.067358  0.039969  0.008349   \n",
      "48062 -0.023326  0.010841  0.000000  0.010352  0.078199  0.050810  0.019190   \n",
      "48063 -0.033677  0.000489 -0.010352  0.000000  0.067848  0.040458  0.008838   \n",
      "48202 -0.101525 -0.067358 -0.078199 -0.067848  0.000000 -0.027389 -0.059009   \n",
      "48203 -0.074136 -0.039969 -0.050810 -0.040458  0.027389  0.000000 -0.031620   \n",
      "48204 -0.042516 -0.008349 -0.019190 -0.008838  0.059009  0.031620  0.000000   \n",
      "48205  0.255348  0.289515  0.278673  0.289025  0.356873  0.329483  0.297864   \n",
      "48476 -0.085335 -0.051169 -0.062010 -0.051658  0.016190 -0.011200 -0.042820   \n",
      "48477 -0.084390 -0.050223 -0.061065 -0.050713  0.017135 -0.010255 -0.041874   \n",
      "48478 -0.043701 -0.009534 -0.020376 -0.010024  0.057824  0.030434 -0.001185   \n",
      "48479 -0.066491 -0.032324 -0.043165 -0.032814  0.035034  0.007645 -0.023975   \n",
      "48176 -0.045043 -0.010876 -0.021718 -0.011366  0.056482  0.029092 -0.002527   \n",
      "48177 -0.032954  0.001212 -0.009629  0.000723  0.068571  0.041181  0.009562   \n",
      "\n",
      "          48205     48476     48477     48478     48479     48176     48177  \n",
      "48060 -0.255348  0.085335  0.084390  0.043701  0.066491  0.045043  0.032954  \n",
      "48061 -0.289515  0.051169  0.050223  0.009534  0.032324  0.010876 -0.001212  \n",
      "48062 -0.278673  0.062010  0.061065  0.020376  0.043165  0.021718  0.009629  \n",
      "48063 -0.289025  0.051658  0.050713  0.010024  0.032814  0.011366 -0.000723  \n",
      "48202 -0.356873 -0.016190 -0.017135 -0.057824 -0.035034 -0.056482 -0.068571  \n",
      "48203 -0.329483  0.011200  0.010255 -0.030434 -0.007645 -0.029092 -0.041181  \n",
      "48204 -0.297864  0.042820  0.041874  0.001185  0.023975  0.002527 -0.009562  \n",
      "48205  0.000000  0.340683  0.339738  0.299049  0.321839  0.300391  0.288302  \n",
      "48476 -0.340683  0.000000 -0.000945 -0.041634 -0.018845 -0.040292 -0.052381  \n",
      "48477 -0.339738  0.000945  0.000000 -0.040689 -0.017899 -0.039347 -0.051436  \n",
      "48478 -0.299049  0.041634  0.040689  0.000000  0.022790  0.001342 -0.010747  \n",
      "48479 -0.321839  0.018845  0.017899 -0.022790  0.000000 -0.021448 -0.033537  \n",
      "48176 -0.300391  0.040292  0.039347 -0.001342  0.021448  0.000000 -0.012089  \n",
      "48177 -0.288302  0.052381  0.051436  0.010747  0.033537  0.012089  0.000000  \n",
      "  → REORDERED offsets matrix:\n",
      "          48060     48061     48062     48063     48202     48203     48204  \\\n",
      "48060  0.000000  0.034167  0.023326  0.033677  0.101525  0.074136  0.042516   \n",
      "48061 -0.034167  0.000000 -0.010841 -0.000489  0.067358  0.039969  0.008349   \n",
      "48062 -0.023326  0.010841  0.000000  0.010352  0.078199  0.050810  0.019190   \n",
      "48063 -0.033677  0.000489 -0.010352  0.000000  0.067848  0.040458  0.008838   \n",
      "48202 -0.101525 -0.067358 -0.078199 -0.067848  0.000000 -0.027389 -0.059009   \n",
      "48203 -0.074136 -0.039969 -0.050810 -0.040458  0.027389  0.000000 -0.031620   \n",
      "48204 -0.042516 -0.008349 -0.019190 -0.008838  0.059009  0.031620  0.000000   \n",
      "48205  0.255348  0.289515  0.278673  0.289025  0.356873  0.329483  0.297864   \n",
      "48476 -0.085335 -0.051169 -0.062010 -0.051658  0.016190 -0.011200 -0.042820   \n",
      "48477 -0.084390 -0.050223 -0.061065 -0.050713  0.017135 -0.010255 -0.041874   \n",
      "48478 -0.043701 -0.009534 -0.020376 -0.010024  0.057824  0.030434 -0.001185   \n",
      "48479 -0.066491 -0.032324 -0.043165 -0.032814  0.035034  0.007645 -0.023975   \n",
      "48176 -0.045043 -0.010876 -0.021718 -0.011366  0.056482  0.029092 -0.002527   \n",
      "48177 -0.032954  0.001212 -0.009629  0.000723  0.068571  0.041181  0.009562   \n",
      "\n",
      "          48205     48476     48477     48478     48479     48176     48177  \n",
      "48060 -0.255348  0.085335  0.084390  0.043701  0.066491  0.045043  0.032954  \n",
      "48061 -0.289515  0.051169  0.050223  0.009534  0.032324  0.010876 -0.001212  \n",
      "48062 -0.278673  0.062010  0.061065  0.020376  0.043165  0.021718  0.009629  \n",
      "48063 -0.289025  0.051658  0.050713  0.010024  0.032814  0.011366 -0.000723  \n",
      "48202 -0.356873 -0.016190 -0.017135 -0.057824 -0.035034 -0.056482 -0.068571  \n",
      "48203 -0.329483  0.011200  0.010255 -0.030434 -0.007645 -0.029092 -0.041181  \n",
      "48204 -0.297864  0.042820  0.041874  0.001185  0.023975  0.002527 -0.009562  \n",
      "48205  0.000000  0.340683  0.339738  0.299049  0.321839  0.300391  0.288302  \n",
      "48476 -0.340683  0.000000 -0.000945 -0.041634 -0.018845 -0.040292 -0.052381  \n",
      "48477 -0.339738  0.000945  0.000000 -0.040689 -0.017899 -0.039347 -0.051436  \n",
      "48478 -0.299049  0.041634  0.040689  0.000000  0.022790  0.001342 -0.010747  \n",
      "48479 -0.321839  0.018845  0.017899 -0.022790  0.000000 -0.021448 -0.033537  \n",
      "48176 -0.300391  0.040292  0.039347 -0.001342  0.021448  0.000000 -0.012089  \n",
      "48177 -0.288302  0.052381  0.051436  0.010747  0.033537  0.012089  0.000000  \n",
      "  Dimensiones de la matriz de offsets: (14, 14)\n",
      "  Dimensiones de la matriz de RMS: (14, 14)\n",
      "Offsets and RMS calculations complete.\n",
      "      → Calculando constantes de calibración (weighted mean)...\n",
      "\n",
      "Processing CalibSetNumber: 3\n",
      "  Selected reference run: 20220531_ln2_r48176_r48177_48060_48479_7\n",
      "  Reference sensor mapping: {'channel_1': '48060', 'channel_2': '48061', 'channel_3': '48062', 'channel_4': '48063', 'channel_5': '48202', 'channel_6': '48203', 'channel_7': '48204', 'channel_8': '48205', 'channel_9': '48476', 'channel_10': '48477', 'channel_11': '48478', 'channel_12': '48479', 'channel_13': '48176', 'channel_14': '48177'}\n",
      "  Reference sensors: ['48060', '48061', '48062', '48063', '48202', '48203', '48204', '48205', '48476', '48477', '48478', '48479', '48176', '48177']\n",
      "Mean offsets computed.\n",
      "RMS errors computed.\n",
      "  → Offsets matrix for 20220531_ln2_r48176_r48177_48060_48479_7:\n",
      "          48060     48061     48062     48063     48202     48203     48204  \\\n",
      "48060  0.000000  0.033009  0.023258  0.034180  0.099238  0.072754  0.040070   \n",
      "48061 -0.033009  0.000000 -0.009751  0.001172  0.066229  0.039746  0.007062   \n",
      "48062 -0.023258  0.009751  0.000000  0.010923  0.075980  0.049497  0.016813   \n",
      "48063 -0.034180 -0.001172 -0.010923  0.000000  0.065058  0.038574  0.005890   \n",
      "48202 -0.099238 -0.066229 -0.075980 -0.065058  0.000000 -0.026484 -0.059168   \n",
      "48203 -0.072754 -0.039746 -0.049497 -0.038574  0.026484  0.000000 -0.032684   \n",
      "48204 -0.040070 -0.007062 -0.016813 -0.005890  0.059168  0.032684  0.000000   \n",
      "48205  0.260833  0.293841  0.284090  0.295013  0.360071  0.333587  0.300903   \n",
      "48476 -0.082102 -0.049093 -0.058844 -0.047921  0.017136 -0.009347 -0.042032   \n",
      "48477 -0.082248 -0.049239 -0.058990 -0.048067  0.016990 -0.009493 -0.042177   \n",
      "48478 -0.052354 -0.019345 -0.029096 -0.018174  0.046884  0.020400 -0.012284   \n",
      "48479 -0.065733 -0.032724 -0.042475 -0.031552  0.033505  0.007021 -0.025663   \n",
      "48176 -0.045869 -0.012860 -0.022611 -0.011688  0.053369  0.026886 -0.005798   \n",
